establishing <- 1111011
first, <- 1111110
for <- 1110110
A <- 1110010
Thousand <- 110111
One <- 101111
letter, <- 1101101
last <- 1011100
Scheherazade <- 1001111
night <- 101100
nothing <- 1001110
questioned <- 1001101
(through <- 1001011
cyclic <- 1111001
can <- 1110011
continuing <- 1111111
copyist) <- 1111101
coming <- 1110101
could <- 1101000
circular <- 1001010
unearthing <- 1001001
Before <- 1001000
Nights <- 1000111
Nights, <- 1100011
must <- 1101100
middle <- 1100001
myself <- 1010011
magical <- 1000101
she <- 1110111
story <- 0111010
volume, <- 0111000
had <- 011011
risk <- 1000011
remembered <- 1111010
repeat <- 0111011
relate <- 011010
I <- 01011
be <- 0111001
begins <- 1010010
book <- 01010
word <- 110101
with <- 1000100
ways <- 1100100
was <- 1000000
when <- 101101
whose <- 1010111
which <- 01001
page <- 1101001
possibility <- 010001
is <- 1111100
it, <- 1110100
identical <- 1010101
in <- 1110001
indefinitely. <- 1000001
infinity. <- 1100101
infinite. <- 010000
a <- 0011
again <- 1111000
at <- 1100000
about <- 1010110
and <- 01100
on <- 1100010
one. <- 1110000
once <- 1010100
oversight <- 1000110
other <- 1000010
of <- 0010
to <- 01111
too <- 1100110
thus <- 1011101
this <- 1100111
think <- 1010001
than <- 1010000
that <- 1001100
the <- 000
