bye <- 11
hello <- 10
hi <- 0
