simple <- 11
a <- 100
to <- 101
test <- 01
is <- 00
